$ANSIBLE_VAULT;1.1;AES256
61346137623463376339613463616462643639343764623435326661656661636361383661383939
3863656130326335386266663635393635346261323736640a303263613263323966303762663533
38643062373764343235363031626339366330326462653436346638653133643838373738666330
6532303435353038310a633630623865376661383237663233663838393763613562303132353737
36396134626330313564366432346232343833343665643964303935316534363462633636353937
33653433336364643763633931646362643232376466393230646232326161396236363338333865
65643262343736653530646334356131396661363031373334646332623266353362643165303132
36663933653430383938393439343965313164333266623437633133363132626135336261363263
34623963643136356238363435643639303665356331636364376364396332633962663766313831
64353737376639306538353063613838616666326264326530653865666531303330616535353461
616161373731643239633631656137353764
